Loss: 0.38558822870254517
Accuracy: 0.3953261971473694