Loss: 1.5853651762008667
Accuracy: 0.8461538553237915