Loss: 0.43846607208251953
Accuracy: 0.9052631855010986