Loss: 0.6923595666885376
Accuracy: 0.5769230723381042