Loss: 0.5568669438362122
Accuracy: 0.2757894694805145