Loss: 0.25201186537742615
Accuracy: 0.8846153616905212