Loss: 0.3158527612686157
Accuracy: 0.4058394134044647