Loss: 0.4395800232887268
Accuracy: 0.38851022720336914